99
   49    80
   61    74
   30    48
   76     6
   26    88
   83    68
   91    27
    3    44
    7    98
   89    86
   49     3
   90    76
   36    83
   88    93
   45    15
   17    89
   15    55
   43    60
   38    83
   43    28
   42    43
   22    57
    1    28
   66    97
   62    67
   20    68
    9    54
   41    28
   49    80
   96    65
   95    40
   30    67
    8    45
    9    17
   26    95
   50     5
   96    85
   42    48
   29    69
   62    36
   41    34
   70    41
   63    73
   61     9
   42     4
   75    26
   26    94
   69    38
   49    87
   61     9
   16    41
    9    82
   32    14
   94    18
   62    27
   61    73
   46    79
   62     1
   19    14
   17    71
   90    30
    2    12
   36    44
   39    95
    2    14
   12    58
   29    56
   19    42
   42    56
   53     2
   66    35
    9    70
   40    48
   79    12
   64    28
   47    48
   13    69
   82    25
   46    48
   86    31
   49    94
   46    40
   24    57
   25    35
    8    75
   41     8
   54    19
   44    48
   35    89
   57    98
   77    64
   19    72
   17    30
   23    23
   35     8
   90    32
   14    23
   49    87
   85     2
   39    41
   67    33
   47     6
    7    90
   42    47
   40    97
   46    25
    0    37
   39    67
   34    15
    9    14
   89    94
   57     7
   74    21
   55    69
   26    62
   19    10
   50    16
   24    69
   66    31
   14     3
   91    13
    3    44
    1    27
   38    91
   47    89
   38    77
   39    34
   70    25
   18    85
   61    64
   35    87
   14    10
   27     3
   53    72
   72     7
   18    33
   34    28
   50    61
   28    14
    0    97
   22    86
   45    71
   26    64
   70     2
   92    44
    1    94
   49    49
   76    57
   33     2
   83    67
   58    91
   52    62
   95    44
   66    49
   29    68
   76    71
   22    82
   80    81
   66    59
   86    71
    5    62
   51    86
   56    78
   33    69
   14    17
   53    90
    7     9
   24    57
   10    20
   56    75
   70    78
   39     7
   23     6
    8    42
   15    14
   88    24
   20    63
    5    64
   38     6
   22    89
   30     1
   83    62
   67    90
   24     2
   24    12
   39     3
   18     5
   27    24
   29    33
   13     1
   48    97
   85    17
   76    78
   81    91
   38    84
   91    26
   97    33
   52    14
   18    54
   78    67
   58    59
   18    70
   14    96
   24    44
   69    83
   58    77
   53    78
   71    65
   44    44
   98    22
   69     1
   61    81
   82    65
   35     6
   89    91
    1    42
   63    90
   62    72
   42    40
   28     7
   95    47
   50    30
    7     5
   90    93
   73    93
   94    17
   37    88
   47    87
   23    20
   27    88
   63    80
    9    40
   11    69