100
   69    92
   10    56
   94    29
   60    46
   65    64
   61    28
   82    84
   66    64
   81    32
   14    59
   29    94
   23    25
   98     1
   39    39
   31     8
   20    70
   47    29
   54    83
   69    16
   45    51
   15    25
    2    28
    0    45
   30    49
   53    82
   57    95
   29    77
   90    33
   54    86
   92    80
   12    11
   18    68
   82    69
   93    79
   16    36
    6    56
   42    31
   23    94
   44    48
   74    51
    3     2
   69    83
   72    36
   26    20
   65    37
   55    69
   76    23
   38    86
    0    65
   87    12
   27     7
   67    21
    7    57
   64    87
   45    47
   83    54
   87    71
   30    95
   69    48
   52    52
    7    43
   12    23
   79    69
   74    96
   71    21
   72    43
   11    24
   67    42
   88    67
   90    15
   44    92
    9    46
   13    69
   21    39
   29    31
    8    75
    9    23
   55    29
   27    43
   28    20
   34    44
    9     8
   16    50
   67    35
   34    74
   92    81
   40    28
   96    47
   37    69
   84    10
   92    94
   50    56
    1    13
   13    97
   17    58
   48     3
   20    62
    4    10
   97    91
   43     8
   21    33
   99    66
    2    71
   96    90
   15    87
   49     5
    5    17
   81    67
   60    38
   13    64
   79    18
   20    14
   79    71
   88    31
   55    77
   79    18
   46    60
   25    26
   86    29
   64    38
   20    22
   12    27
   48    32
   10    36
   10    61
   91    61
   73    79
   50    12
   58    36
   86    64
   65    70
   75    91
   51    20
    4    20
   11    50
   70    82
   18    22
   35    53
    6     6
   29     7
   40    83
   52    38
   18    69
   71    60
   28    65
   72    12
   16     4
   14    21
    5    37
   63    17
   57    82
   84    96
   74    43
   28    15
    7    53
   26    44
    4     7
   71    68
   91    52
    3    57
   15    48
   69     1
   59     0
   58    95
   21    81
    3     9
   65    45
   70    63
   56    50
   98    16
   46    12
   53    28
   79    14
   84    82
   47    56
   54    36
   42    64
   57    72
   99    86
   33    53
   57    27
   46    75
   47    54
   66    12
   65    51
   62    85
    7    98
   41    53
   66     3
   31     2
   75    24
    7    58
   49    98
   57    28
   11    58
   43    99
   63    32
   90    44
   66    87
    6    21
   11     1
   94    38
   15     8
   87    73
   19    66
   57     5
   11    10
   28    28
   92    88
   96    58
   84    28
   94    62
   37    34
   55    96
   66    82
   99    32
   83    92
   92    59
   90    83
   47    35
   48    23
   61    18
   82    24
   11    80
   74    74
   10    78
   46    96
   24    28
   88    44
    3    94
   81    65
   81    44
   58    20
   64    19
   47    33
   77    64
   99    60
   59    15
   32    27
   64     4
   93    70
   95    87
   24    13
    2    79
   61    23
   24    67
   24    42
   84    48
   26    34
   80    10
   23    43
   85    98
   30    74
   31    89